0 0.22462406015037595 0.7368421052631579 0.112781954887218 0.11027568922305761
0 0.2720864661654135 0.806390977443609 0.04041353383458645 0.0513784461152882
0 0.48120300751879697 0.637844611528822 0.04887218045112782 0.04761904761904752
0 0.5718984962406015 0.6553884711779449 0.08740601503759393 0.11027568922305768
2 0.7655335978012743 0.16277589726437391 0.09116541353383449 0.26441102756892265
2 0.8744584072079796 0.24960892226033074 0.08552631578947362 0.27594560346845465
2 0.9986393434484426 0.4422679257538236 0.0798872180451126 0.2640089172446867
5 0.6292293233082707 0.3778195488721805 0.23026315789473684 0.44987468671679204
5 0.21381578947368418 0.3784461152882206 0.28477443609022557 0.4987468671679198
1 0.4671052631578948 0.293859649122807 0.20112781954887218 0.40476190476190477
2 0.6522556390977443 0.8032581453634086 0.14285714285714285 0.17293233082706777
3 0.4461857595373809 0.9080980653222868 0.21804511278195476 0.16290726817042617
3 0.2555511499931689 0.8093224466641378 0.2017124356275043 0.056390977443609006
3 0.31888061057545675 0.8913129735622857 0.20676691729323302 0.041353383458646774
3 0.4322084305118345 0.8130872472770683 0.21240601503759401 0.04260651629072694
