2 0.5693734888213431 0.590802753000047 0.1967638402240061 0.41604010025062677
2 0.6690207014160182 0.2398990668437641 0.12875939849624002 0.47645366110525506
0 0.3392857142857143 0.6221804511278196 0.14473684210526316 0.1616541353383459
0 0.3345864661654135 0.4548872180451128 0.12406015037593984 0.17794486215538854
3 0.11744178070764018 0.4749027756462783 0.060150375939849565 0.3007518796992485
3 0.08646616541353376 0.4860175874489798 0.17293233082706752 0.06892230576441116
5 0.3919172932330827 0.34210526315789475 0.09398496240601503 0.21052631578947367
5 0.49389097744360905 0.37468671679197996 0.06672932330827067 0.08771929824561406
5 0.2899436090225564 0.37531328320802004 0.10808270676691727 0.12406015037593988
5 0.2269736842105263 0.4705513784461152 0.1475563909774436 0.1165413533834586
5 0.27678571428571425 0.5570175438596492 0.09304511278195492 0.0563909774436091
4 0.4812616532404027 0.46339425887823077 0.12499999999999964 0.2354824061366321
1 0.681860902255639 0.44862155388471164 0.5460526315789475 0.7268170426065161
