2 0.7034252297410191 0.7393483709273184 0.32080200501253126 0.30325814536340845
2 0.504594820384294 0.2675438596491228 0.11027568922305768 0.11654135338345867
2 0.39515455304928987 0.224937343358396 0.10526315789473685 0.08145363408521306
5 0.3233082706766917 0.681077694235589 0.1587301587301587 0.3571428571428571
5 0.4753550543024227 0.36716791979949875 0.8170426065162907 0.4135338345864662
3 0.23492157792029417 0.7027046761288664 0.09496982823138883 0.40436004774894785
3 0.19405692035204697 0.5822146329108658 0.07151747378613543 0.2607420960192086
3 0.1452706067304695 0.5173350453072186 0.055137844611528763 0.14536340852130333
3 0.07769423558897233 0.5093984962406014 0.14202172096908938 0.25939849624060146
3 0.3441938178780284 0.573934837092732 0.4711779448621553 0.23558897243107815
