2 0.8658277105657264 0.6087679138793706 0.20699582927945667 0.19298245614035062
2 0.7289089214319898 0.3799961826297404 0.1487050960735171 0.2543859649122811
0 0.5847953216374269 0.6779448621553885 0.1303258145363408 0.13032581453634096
0 0.44026733500417703 0.581453634085213 0.13533834586466165 0.11027568922305761
5 0.25647451963241436 0.5137844611528821 0.1821219715956558 0.09523809523809526
5 0.37761069340016706 0.4718045112781955 0.12698412698412703 0.13408521303258147
5 0.5246449456975772 0.47869674185463656 0.08688387635756058 0.12030075187969928
1 0.6654135338345865 0.40225563909774437 0.6691729323308272 0.30325814536340856
4 0.6056808688387636 0.5532581453634084 0.14202172096908938 0.11904761904761903
5 0.3182957393483709 0.612155388471178 0.14536340852130325 0.12907268170426056
5 0.48036758563074344 0.6033834586466166 0.11528822055137844 0.16917293233082703
3 0.18546365914786966 0.7694235588972431 0.05012531328320801 0.28070175438596495
3 0.2222222222222222 0.7506265664160401 0.08688387635756058 0.27318295739348364
3 0.1245415830333004 0.8093940374113916 0.06015037593984943 0.2577308378690517
