2 0.1667457383812534 0.5354437680869173 0.18148755875243375 0.2681704260651632
2 0.5079887218045113 0.3233082706766917 0.13627819548872183 0.3057644110275689
2 0.6221804511278195 0.43045112781954886 0.12218045112781958 0.30952380952380953
2 0.7593984962406016 0.5050125313283208 0.12218045112781953 0.21303258145363407
4 0.5502819548872181 0.6716791979949874 0.17387218045112782 0.15037593984962405
4 0.3768796992481203 0.42794486215538846 0.15601503759398494 0.3170426065162907
4 0.468515037593985 0.5839598997493735 0.18327067669172933 0.1829573934837093
3 0.38424286712212014 0.774590221017116 0.07518796992481189 0.31752804616944647
3 0.5042293233082706 0.8627819548872179 0.06484962406015037 0.25187969924812037
3 0.46091286380107804 0.8117663243022792 0.06766917293233066 0.3644486191645595
3 0.5258458646616542 0.5144110275689223 0.43890977443609025 0.48746867167919805
