5 0.595655806182122 0.7487468671679197 0.13533834586466165 0.3045112781954887
5 0.5856307435254803 0.4899749373433584 0.733500417710944 0.31578947368421056
2 0.6516290726817041 0.35776942355889724 0.09356725146198826 0.09649122807017545
2 0.5054302422723476 0.3358395989974937 0.0985797827903091 0.1027568922305764
2 0.15371762740183792 0.5407268170426065 0.1971595655806182 0.1867167919799499
3 0.252297410192147 0.6340852130325814 0.1570593149540518 0.22556390977443613
3 0.46042935046097255 0.7443096841111817 0.07685881370091895 0.36994896682638834
3 0.5005812092709462 0.7936220176896484 0.08688387635756044 0.3847748954087512
3 0.37765944436456034 0.7206416108325322 0.050125313283207955 0.34837092731829683
3 0.5162907268170426 0.6428571428571429 0.47786131996658304 0.2105263157894737
