3 0.3942669172932331 0.4824561403508772 0.3129699248120301 0.2857142857142857
1 0.2330827067669177 0.2738095238095238 0.1052631578947369 0.5350877192982456
2 0.18609022556390978 0.42481203007518803 0.14661654135338348 0.4285714285714286
2 0.7175751879699246 0.5407268170426065 0.16259398496240557 0.617794486215539
2 0.5944548872180448 0.5112781954887214 0.11936090225563936 0.5463659147869672
2 0.4586466165413534 0.4931077694235589 0.1146616541353383 0.5375939849624061
4 0.10197368421052631 0.5281954887218046 0.1400375939849624 0.1716791979949875
4 0.4224624060150376 0.8170426065162907 0.21522556390977443 0.26817042606516284
5 0.6043233082706767 0.8558897243107769 0.13721804511278207 0.11779448621553883
5 0.18327067669172933 0.6766917293233082 0.13157894736842105 0.12280701754385966
5 0.3331766917293233 0.7443609022556391 0.09304511278195485 0.11027568922305761
5 0.2922932330827065 0.6616541353383458 0.09210526315789416 0.12531328320801985
