1 0.8102481565494404 0.1803468972751578 0.12865497076023394 0.35133139592904344
2 0.5555555555555555 0.45989974937343364 0.33249791144527974 0.24060150375939848
2 0.5816712708117322 0.7279088509596171 0.212417852812132 0.07762254430464134
2 0.45544339918907295 0.7284166531987252 0.09022556390977433 0.13659147869674218
2 0.4051796157059314 0.6033834586466166 0.15204678362573099 0.08897243107769427
2 0.3492063492063492 0.3634085213032581 0.13366750208855474 0.09774436090225563
4 0.34753550543024225 0.237468671679198 0.14703425229741016 0.14411027568922308
4 0.2773600668337511 0.6585213032581454 0.1336675020885546 0.1190476190476189
5 0.2832080200501253 0.4348370927318295 0.08521303258145366 0.09523809523809526
5 0.35421888053467 0.4761904761904762 0.0668337510442774 0.08020050125313283
5 0.3057644110275689 0.5601503759398497 0.12698412698412695 0.0651629072681704
5 0.3642439431913116 0.5319548872180451 0.12030075187969928 0.05137844611528827
5 0.3508771929824562 0.7224310776942356 0.07017543859649127 0.07894736842105274
