2 0.23637218045112768 0.5363408521303257 0.170112781954887 0.29573934837092714
2 0.7575187969924813 0.5964912280701755 0.11654135338345867 0.2907268170426065
2 0.6226503759398496 0.3345864661654136 0.11560150375939848 0.3759398496240602
2 0.49483082706766923 0.3013784461152882 0.11936090225563908 0.33959899749373434
3 0.5263157894736843 0.8013784461152882 0.11466165413533837 0.3972431077694235
3 0.3853515598504304 0.7561811385893441 0.0723684210526314 0.4885896907121757
3 0.47446534048740313 0.7713804602221537 0.0620300751879697 0.4705263059690008
3 0.5225563909774436 0.6021303258145363 0.41165413533834583 0.42982456140350883
4 0.38345864661654105 0.4216791979949875 0.16729323308270666 0.24436090225563903
4 0.5296052631578948 0.5463659147869674 0.3016917293233084 0.21303258145363393
