0 0.4398496240601504 0.737468671679198 0.2650375939849623 0.30451127819548873
0 0.6278195488721805 0.493734335839599 0.16729323308270672 0.17293233082706763
0 0.6898496240601503 0.7901002506265664 0.12593984962406027 0.16416040100250612
0 0.7913533834586466 0.8070175438596491 0.1146616541353383 0.16791979949874686
2 0.16494360902255623 0.709899749373433 0.18327067669172917 0.1791979949874694
2 0.2640977443609022 0.27756892230576424 0.17669172932330837 0.5551378446115285
2 0.4995300751879701 0.2675438596491228 0.16447368421052622 0.5350877192982456
2 0.7960526315789477 0.2832080200501252 0.165413533834586 0.56390977443609
5 0.14050751879699258 0.5814536340852131 0.20206766917293245 0.13784461152882216
5 0.0549812030075188 0.693609022556391 0.1099624060150376 0.2769423558897243
5 0.9046052631578948 0.6773182957393484 0.19078947368421054 0.19924812030075187
5 0.8956766917293234 0.5701754385964911 0.20488721804511287 0.15288220551378445
3 0.693609022556391 0.6228070175438589 0.3515037593984964 0.10526315789473681
3 0.2073452561507704 0.8959280473884845 0.2828947368421053 0.0877192982456139
3 0.7274436090225563 0.7136591478696743 0.37218045112781956 0.07142857142857154
3 0.38580827067669177 0.5795739348370926 0.40319548872180455 0.06641604010025062
