3 0.10575158448927137 0.8310238069412034 0.07184628237259813 0.3143339887390495
3 0.16975754272890783 0.8078158224913576 0.08020050125313277 0.2744360902255643
3 0.05165928066006147 0.8699696078933951 0.06015037593984954 0.3105192948384581
2 0.8253827499272256 0.5693128314217613 0.18642567237068025 0.2418546365914795
2 0.628464327692327 0.35210849901811386 0.1203007518796992 0.2882205513784464
0 0.6073517126148704 0.6541353383458648 0.18212197159565577 0.11027568922305768
0 0.4093567251461988 0.5889724310776943 0.18379281537176273 0.1077694235588973
5 0.20551378446115287 0.56328320802005 0.19381787802840436 0.09899749373433586
5 0.28654970760233917 0.6422305764411027 0.19548872180451127 0.12406015037593981
5 0.46616541353383456 0.6428571428571428 0.10359231411862993 0.09774436090225563
5 0.33333333333333326 0.4987468671679198 0.13868003341687551 0.16791979949874694
5 0.4745196324143693 0.49686716791979946 0.08020050125313283 0.13408521303258147
4 0.5839598997493731 0.536340852130326 0.165413533834586 0.18295739348370893
1 0.6198830409356724 0.37781954887218056 0.6750208855472011 0.26441102756892265
