1 0.21475563909774437 0.42857142857142855 0.13251879699248117 0.6616541353383458
4 0.17528195488721807 0.8339598997493735 0.17575187969924813 0.19172932330827067
4 0.6635338345864662 0.87468671679198 0.15225563909774437 0.17042606516290731
2 0.32565789473684215 0.7199248120300752 0.11184210526315795 0.40476190476190466
2 0.585526315789474 0.6697994987468674 0.08458646616541449 0.3521303258145362
2 0.7462406015037588 0.629699248120301 0.11090225563909767 0.3395989974937344
5 0.6555451127819549 0.6359649122807014 0.07988721804511276 0.34962406015037567
5 0.3928571428571429 0.8966165413533835 0.12218045112781958 0.09398496240601503
5 0.5516917293233083 0.8728070175438597 0.07330827067669177 0.11403508771929821
5 0.4440789473684211 0.837719298245614 0.10808270676691727 0.11904761904761883
5 0.5032894736842105 0.8051378446115288 0.07048872180451134 0.10150375939849625
5 0.7359022556390977 0.8370927318295739 0.0958646616541354 0.10275689223057655
3 0.43984962406015043 0.6635338345864659 0.20864661654135305 0.28446115288220525
