3 0.31495405179615704 0.6171679197994987 0.09523809523809526 0.33709273182957394
3 0.49206349206349204 0.3803258145363408 0.06850459482038432 0.32957393483709274
3 0.43024227234753554 0.38095238095238093 0.0985797827903091 0.24812030075187974
3 0.10386705067208236 0.4279828140514881 0.07184628237259798 0.37098457724117234
0 0.3899875915376019 0.6720744043719372 0.09690893901420213 0.3284540273930608
0 0.20718462823725978 0.4523809523809524 0.26399331662489556 0.19799498746867164
0 0.1812865497076023 0.6196741854636592 0.13868003341687551 0.06641604010025062
0 0.1812865497076023 0.6823308270676691 0.14870509607351712 0.06641604010025062
0 0.5697577276524645 0.6190476190476191 0.18379281537176267 0.13784461152882202
0 0.25396825396825395 0.24310776942355886 0.1537176274018379 0.12030075187969924
5 0.21386800334168754 0.13784461152882205 0.2940685045948203 0.15789473684210528
5 0.3628878160867035 0.8120746381317074 0.14703425229741007 0.17669172932330868
5 0.46115288220551376 0.8258145363408522 0.1336675020885547 0.16290726817042597
5 0.3765443503099892 0.24234652654466338 0.12197159565580601 0.14660691684129576
2 0.7012499912330852 0.2969455339944498 0.4786278701536261 0.18796992481203006
2 0.7731829573934837 0.47431077694235585 0.4536340852130328 0.18671679197994998
2 0.5760681411264009 0.9339045358822705 0.222222222222222 0.365724240348443
