0 0.30994152046783624 0.6610275689223057 0.1286549707602339 0.07142857142857138
0 0.30994152046783624 0.724310776942356 0.11862990810359228 0.075187969924812
0 0.3249791144527987 0.47556390977443613 0.25898078529657476 0.23433583959899756
0 0.38011695906432746 0.25313283208020054 0.17878028404344196 0.1478696741854637
0 0.7385129490392649 0.6516290726817043 0.18379281537176284 0.17794486215538846
3 0.5822890559732664 0.3446115288220551 0.09523809523809526 0.3859649122807018
3 0.6516290726817041 0.40037593984962405 0.10359231411862986 0.40225563909774437
3 0.5360651976842025 0.7106279469253488 0.10693400167084373 0.3703528836160172
3 0.44945697577276517 0.6535087719298245 0.11361737677527152 0.37468671679197996
3 0.20388900358715303 0.45730086521321434 0.09356725146198813 0.4480875948396003
