1 0.2941729323308271 0.3540100250626566 0.09210526315789473 0.45488721804511273
2 0.2941729323308271 0.9141604010025063 0.35526315789473684 0.13659147869674185
2 0.39849624060150374 0.6616541353383459 0.07518796992481207 0.30827067669172925
2 0.7736021493468782 0.5856836101655403 0.0930451127819547 0.3054865514023809
2 0.6738721804511277 0.5877192982456141 0.06390977443609032 0.30576441102756896
2 0.6273496240601504 0.6271929824561399 0.07236842105263186 0.28195488721804496
2 0.31860902255639095 0.6083959899749374 0.0714285714285715 0.31203007518796994
4 0.26221804511278196 0.755639097744361 0.13721804511278193 0.11779448621553897
4 0.5281954887218044 0.8439849624060151 0.12030075187969935 0.16666666666666657
4 0.612312030075188 0.837719298245614 0.11936090225563901 0.15914786967418537
4 0.693139097744361 0.7807017543859649 0.1024436090225565 0.1303258145363408
5 0.7434210526315789 0.7781954887218047 0.06578947368421055 0.0802005012531329
5 0.43937969924812026 0.8076441102756893 0.06860902255639097 0.056390977443608964
5 0.49295112781954886 0.7644110275689223 0.07612781954887218 0.09022556390977442
5 0.543233082706767 0.7468671679197995 0.056390977443608964 0.04761904761904759
3 0.5748817695353465 0.48509793984943395 0.203782467164406 0.23007217695275844
3 0.4652255639097739 0.6566416040100254 0.15413533834586451 0.15037593984962364
