0 0.04041353383458647 0.5607769423558898 0.048872180451127824 0.06641604010025055
0 0.06578947368421054 0.48934837092731825 0.11842105263157895 0.12406015037593981
0 0.2904135338345865 0.5175438596491228 0.06203007518796994 0.08270676691729328
0 0.35902255639097747 0.6560150375939849 0.11090225563909777 0.10902255639097745
2 0.2984022556390978 0.775689223057644 0.18890977443609022 0.3433583959899748
2 0.7974168001600546 0.38301305783586487 0.0902255639097746 0.40476190476190504
2 0.8694360675359011 0.49892643484607263 0.10620300751879665 0.456741673119317
2 0.9404680401373057 0.6692000685588495 0.14495675384889734 0.48766784883764625
5 0.4788533834586467 0.24812030075187969 0.36748120300751885 0.3358395989974937
5 0.22415413533834588 0.29824561403508776 0.28477443609022557 0.25313283208020054
3 0.09022556390977442 0.7418546365914787 0.18045112781954883 0.21553884711779453
3 0.08317669172932331 0.5670426065162907 0.16635338345864661 0.0964912280701754
