5 0.4202172096908939 0.7550125313283209 0.12531328320802004 0.061403508771929724
5 0.7786131996658312 0.7042606516290726 0.12364243943191312 0.07017543859649124
5 0.5806182121971595 0.7337092731829574 0.08187134502923975 0.07393483709273184
5 0.47368421052631576 0.7048872180451127 0.1219715956558062 0.05388471177944851
5 0.5304928989139515 0.6892230576441102 0.0651629072681704 0.057644110275689255
1 0.15031619038125046 0.4741855414600879 0.17543859649122726 0.3959899749373478
2 0.8003341687552213 0.5820802005012531 0.10025062656641609 0.20676691729323302
2 0.6934001670843776 0.5833333333333334 0.09356725146198841 0.19172932330827067
2 0.6257309941520467 0.6196741854636592 0.10860484544695054 0.19172932330827097
2 0.5806182121971595 0.5294486215538847 0.011695906432748586 0.01127819548872175
3 0.319175321687368 0.6631057616031538 0.08354218880534668 0.18546365914786997
3 0.459482038429407 0.5889724310776956 0.25396825396825323 0.18796992481203056
