1 0.27537593984962405 0.406015037593985 0.10714285714285719 0.81203007518797
2 0.4953007518796989 0.6704260651629071 0.10338345864661572 0.43859649122806965
2 0.6658834586466164 0.5419799498746866 0.10808270676691704 0.3546365914786966
2 0.7340225563909775 0.512531328320802 0.0958646616541354 0.30325814536340856
3 0.47744360902255645 0.6271929824561403 0.24060150375939857 0.25438596491228066
4 0.3143796992481204 0.8922305764411028 0.1889097744360903 0.1879699248120298
4 0.7640977443609023 0.7274436090225563 0.09210526315789465 0.12406015037593988
5 0.5916353383458646 0.8521303258145363 0.10432330827067667 0.075187969924812
5 0.6856203007518797 0.7612781954887218 0.07988721804511285 0.09398496240601503
5 0.6118421052631579 0.731203007518797 0.04887218045112782 0.0789473684210526
5 0.5864661654135338 0.7731829573934837 0.0939849624060151 0.057644110275689116
