0 0.5991541353383459 0.5444862155388471 0.14943609022556395 0.1616541353383459
0 0.7734962406015038 0.5075187969924813 0.15601503759398497 0.18546365914786966
2 0.8186090225563905 0.32080200501253126 0.19360902255639104 0.2932330827067668
2 0.56203007518797 0.18546365914786966 0.11278195488721807 0.37092731829573933
5 0.40366541353383456 0.6647869674185464 0.15695488721804515 0.21177944862155385
5 0.45300751879699247 0.49498746867167925 0.13721804511278193 0.25814536340852134
5 0.5484022556390978 0.7042606516290729 0.18703007518797 0.24561403508771934
5 0.6781015037593986 0.598997493734336 0.08928571428571423 0.14786967418546376
5 0.5484022556390977 0.41917293233082703 0.08552631578947356 0.16416040100250612
4 0.6583646616541354 0.4035087719298246 0.12312030075187978 0.26315789473684215
3 0.65697459966624 0.9563291552646295 0.4516672356975793 0.08270676691729342
3 0.5659974880021038 0.8576754569943509 0.1743012982809202 0.07142857142857165
3 0.48129494389045 0.9885949191797608 0.03046542257440581 0.3389884833095948
1 0.5639097744360899 0.20300751879699253 0.4906015037593987 0.40601503759398505
