0 0.14191729323308272 0.7330827067669173 0.15037593984962408 0.15288220551378445
0 0.48308270676691734 0.5614035087719298 0.06954887218045122 0.060150375939849565
0 0.5733082706766918 0.6322055137844611 0.09962406015037593 0.11152882205513777
0 0.18562030075187969 0.8239348370927317 0.051691729323308275 0.07393483709273184
2 0.7034774436090225 0.6904761904761905 0.19078947368421054 0.2957393483709273
3 0.44642857142857084 0.8571428571428567 0.30263157894736803 0.19799498746867117
3 0.23498086263272197 0.9476748956662501 0.3276719582373083 0.060150375939849836
3 0.40848093578837213 0.7931120666851669 0.25336977926583987 0.06381317465349717
3 0.17464075138804883 0.8735708065852377 0.32420483707242165 0.05012531328320814
2 0.8919716590210314 0.37786605766631737 0.082706766917293 0.38220551378446127
2 0.7673129058805027 0.26678899766213154 0.08176691729323293 0.21679197994987523
2 0.6672932330827068 0.15601503759398494 0.045112781954887285 0.08395989974937342
5 0.19172932330827067 0.42794486215538846 0.3289473684210526 0.3370927318295739
5 0.587875939849624 0.24373433583959903 0.20394736842105274 0.31203007518796994
1 0.44172932330827064 0.23746867167919802 0.18609022556390983 0.2744360902255639
