3 0.8082706766917291 0.6447368421052632 0.18233082706766907 0.28195488721804507
3 0.6133186192805451 0.6436124237399378 0.050751879699248104 0.34335839598997514
3 0.6229548499485458 0.830287488188151 0.04717084822323825 0.34418431128576915
3 0.6113177529186368 0.8513876910597835 0.04605263157894728 0.28414662107661254
0 0.6033834586466165 0.4649122807017544 0.052631578947368425 0.06516290726817048
0 0.6715225563909775 0.45426065162907264 0.08176691729323302 0.08395989974937343
0 0.49577067669172936 0.8928571428571428 0.16259398496240607 0.21177944862155385
0 0.6109022556390978 0.8897243107769423 0.05827067669172956 0.12531328320802
2 0.7960526315789473 0.39849624060150374 0.1466165413533834 0.24561403508771928
2 0.6578947368421052 0.14786967418546365 0.0958646616541354 0.2205513784461153
5 0.20958646616541343 0.7080200501253131 0.37406015037593976 0.5162907268170424
5 0.5361842105263157 0.1641604010025062 0.2359022556390976 0.2706766917293232
1 0.3585526315789474 0.3026315789473684 0.32612781954887216 0.3170426065162907
