2 0.11113441198400775 0.4085614228429442 0.1203007518796993 0.3521303258145363
2 0.2706766917293233 0.7612781954887217 0.39766081871345027 0.08145363408521306
2 0.22752001956109816 0.5507977260223735 0.10359231411862985 0.1779448621553888
2 0.8172920611116807 0.4959859723487597 0.1015581641495536 0.18615724450042945
2 0.7135567130450725 0.5012593185354137 0.07852965747702582 0.17669172932330882
2 0.6387787837007255 0.5415064729790676 0.09348178805197664 0.18546365914786983
4 0.32647031154121564 0.5990904836350794 0.09356725146198819 0.1796036664881624
4 0.5121136173767752 0.6986215538847118 0.15204678362573099 0.12907268170426073
4 0.6073517126148704 0.6823308270676691 0.11194653299916453 0.11403508771929821
4 0.7176274018379282 0.6315789473684211 0.15204678362573104 0.08521303258145366
4 0.21971595655806184 0.6334586466165413 0.14536340852130325 0.07142857142857131
5 0.5778743688241355 0.4457561724853811 0.24227234753550533 0.20551378446115318
5 0.7769423558897242 0.6209273182957393 0.09356725146198826 0.05889724310776941
5 0.48788638262322465 0.6196741854636592 0.13700918964076855 0.04887218045112782
5 0.4101921470342523 0.662280701754386 0.058479532163742645 0.05388471177944872
