2 0.7059314954051795 0.7343358395989975 0.2923976608187134 0.30075187969924805
2 0.5071010860484545 0.25689223057644106 0.12865497076023388 0.11278195488721802
2 0.37343358395989973 0.22180451127819548 0.13199665831244775 0.07518796992481207
5 0.3216374269005848 0.6616541353383458 0.1687552213868003 0.34335839598997486
3 0.08521303258145363 0.49749373433583954 0.16040100250626566 0.24060150375939848
3 0.233982063588758 0.7001204965483626 0.08521303258145344 0.41657889720032343
3 0.2358203958047903 0.5906528073060211 0.0751879699248118 0.28947368421052766
3 0.16450290112590743 0.5173909526696927 0.06683375104427736 0.15413533834586524
3 0.36257309941520455 0.5582706766917294 0.4043441938178781 0.2543859649122809
5 0.4686716791979949 0.381578947368421 0.7903091060985797 0.36716791979949875
