2 0.2105263157894737 0.3803258145363405 0.13700918964076858 0.25939849624060135
2 0.48416612496137296 0.8125980125833204 0.09082286369782157 0.13551665373622593
2 0.5279866332497911 0.7111528822055138 0.13032581453634087 0.08646616541353382
2 0.46115288220551376 0.6585213032581454 0.07685881370091899 0.05639097744360903
2 0.4761904761904762 0.34711779448621555 0.1203007518796992 0.08771929824561404
2 0.4135338345864661 0.4216791979949875 0.10526315789473685 0.06390977443609018
4 0.40267335004177107 0.3201754385964912 0.11027568922305761 0.1115288220551378
4 0.37761069340016684 0.6961152882205512 0.12364243943191287 0.0989974937343359
4 0.28237259816207183 0.5457393483709274 0.19047619047619044 0.10651629072681708
1 0.2990810359231411 0.6246867167919798 0.18045112781954875 0.07894736842105257
1 0.8257869670617639 0.28196504161771435 0.11145027923680004 0.28195488721804557
5 0.5964044588019841 0.5045681038080692 0.3040935672514614 0.2030469202848009
5 0.39849624060150374 0.7481203007518797 0.058479532163742715 0.06516290726817048
5 0.35004177109440265 0.4667919799498746 0.0985797827903091 0.05639097744360903
5 0.37343358395989973 0.6071428571428572 0.08521303258145366 0.04385964912280699
3 0.6081871345029239 0.4893483709273183 0.21720969089390138 0.1791979949874687
