1 0.5022098259432463 0.6007209822670574 0.3976608187134501 0.23182957393483716
2 0.5400683368379781 0.28718228215329056 0.09189640768588136 0.33082706766917286
2 0.8528478639621025 0.8276370614078447 0.21920337266060788 0.30413881076270827
2 0.7989441968871012 0.7700541794309149 0.17682565128652702 0.36138194799834056
2 0.6061571333059895 0.7025702289426051 0.15705931495405162 0.3132832080200505
2 0.07435254803675855 0.6071428571428573 0.13533834586466162 0.2167919799498744
2 0.3522305008012502 0.5410979430644888 0.08688387635756056 0.2518796992481206
2 0.3742690058479532 0.4235588972431077 0.08688387635756058 0.13032581453634087
4 0.47117794486215536 0.9147869674185465 0.20050125313283204 0.1629072681704261
4 0.23141186299081035 0.8314536340852132 0.20885547201336677 0.16917293233082747
4 0.24310776942355886 0.5513784461152882 0.11194653299916457 0.09774436090225556
4 0.20217209690893903 0.7418546365914787 0.2506265664160401 0.11779448621553883
5 0.5488721804511278 0.9893483709273184 0.14202172096908938 0.021303258145363345
5 0.37928153717627394 0.8082706766917294 0.08354218880534667 0.07017543859649124
5 0.39264828738512947 0.7293233082706766 0.11695906432748536 0.09022556390977442
5 0.2715121136173767 0.6597744360902256 0.12197159565580616 0.05137844611528813
