1 0.24477861319966585 0.3884711779448621 0.17878028404344196 0.694235588972431
1 0.5864661654135338 0.4411027568922306 0.3943191311612364 0.2355889724310777
2 0.9073405598480581 0.8084163570091479 0.1971595655806183 0.3233082706766921
2 0.5923141186299081 0.5939849624060151 0.15204678362573104 0.28822055137844615
2 0.4193817878028404 0.5952380952380952 0.1303258145363408 0.32581453634085217
2 0.7259816207184627 0.4699248120300752 0.09857978279030917 0.23057644110275688
2 0.7786131996658312 0.37907268170426067 0.11361737677527159 0.17669172932330826
4 0.41436925647451955 0.8045112781954887 0.2138680033416875 0.13032581453634096
4 0.8262322472848789 0.5776942355889725 0.15873015873015872 0.11278195488721814
4 0.8479532163742689 0.656641604010025 0.24561403508771917 0.07268170426065168
5 0.6775271512113616 0.6973684210526315 0.06182121971595663 0.06892230576441094
5 0.6716791979949874 0.6177944862155388 0.07017543859649131 0.06766917293233085
