2 0.8781230209408409 0.6485463670843046 0.22609734420218708 0.2343358395989974
2 0.2798663324979114 0.3853383458646617 0.1821219715956558 0.1616541353383459
2 0.6202055068303788 0.32450734329859915 0.17447098201300693 0.27256873892452005
3 0.758723391731366 0.41288662266003473 0.17144960621160643 0.34786792056925975
3 0.33579960696243605 0.689640883828647 0.08855472013366741 0.4416524444155142
3 0.3297401298754874 0.5690243854647224 0.0785296574770258 0.295470261661128
4 0.29472373277573605 0.5192583899694952 0.06182121971595644 0.256847588467579
4 0.46115288220551376 0.5175438596491229 0.30743525480367584 0.17042606516290731
4 0.37510442773600666 0.3696741854636592 0.21888053467000831 0.20551378446115287
3 0.4912280701754386 0.5983709273182957 0.5380116959064327 0.25438596491228077
